%YAML:1.0
---
K: !!opencv-matrix
   rows: 3
   cols: 3
   dt: d
   data: [ 1.4064300368448814e+03, 0., 7.0774547734215855e+02, 0.,
       1.4084172453113954e+03, 4.1756213852411003e+02, 0., 0., 1. ]
D: !!opencv-matrix
   rows: 1
   cols: 5
   dt: d
   data: [ 1.8441783047290428e-02, 6.2793539147912936e-01,
       5.6976290143144603e-03, 3.6240488164150423e-03,
       -1.9098874415052938e+00 ]
